0.608
0.618
0.751
0.741
0.645
0.660
0.642
0.721
0.715
0.649
0.660
0.662
0.669
0.665
0.652
0.652
0.708
0.661
0.656
0.681
0.661
0.731
0.690
0.687
0.684
0.691
0.703
0.706
0.754
0.712
0.680
0.679
0.690
0.716
0.694
0.691
0.693
0.705
0.723
0.704
0.701
0.706
0.703
0.712
0.716
0.710
0.718
0.715
0.730
0.782
0.724
0.720
0.726
0.733
0.756
0.731
0.731
0.741
0.736
0.753
0.738
0.746
0.741
0.743
0.748
0.745
0.746
0.759
0.818
0.825
0.758
0.761
0.764
0.846
0.777
0.784
0.785
0.778
0.818
1.058
1.001
0.866
0.873
0.849
0.863
0.840
0.847
1.014
0.881
0.855
0.893
0.858
0.830
0.824
0.862
0.845
0.832
0.832
0.844
0.823
0.844
0.839
0.840
0.836
0.881
0.886
0.847
0.850
0.857
0.882
0.854
0.856
0.854
0.866
0.862
0.865
0.865
0.873
0.873
0.878
0.918
0.958
0.884
0.889
0.910
0.901
0.905
0.885
0.890
0.916
0.895
0.903
0.902
0.904
0.920
0.906
0.924
0.958
0.926
0.913
0.938
0.933
0.930
0.924
0.932
0.935
0.929
0.968
0.937
0.946
0.939
0.983
1.270
0.964
0.964
0.950
0.955
1.004
0.973
0.972
1.002
1.074
0.987
0.996
0.992
1.008
1.038
1.018
0.987
0.992
0.990
0.995
0.988
1.040
1.116
1.006
1.002
1.017
1.010
1.019
1.016
1.338
1.047
1.021
1.037
1.051
1.030
1.029
1.066
1.132
1.037
1.044
1.080
1.049
1.062
1.067
1.183
1.170
1.451
1.118
1.071
1.123
1.159
1.085
1.064
1.090
1.112
1.107
1.093
1.087
1.092
1.132
1.119
1.112
1.104
1.132
1.251
1.111
1.111
1.160
1.115
1.118
1.137
1.126
1.240
1.228
1.201
1.133
1.431
1.144
1.139
1.144
1.193
1.150
1.153
1.167
1.166
1.157
1.167
1.164
1.178
1.196
1.274
1.177
1.180
1.217
1.183
1.184
1.227
1.194
1.225
1.203
1.207
1.205
1.208
1.280
1.218
1.247
1.217
1.227
1.261
1.238
1.259
1.229
1.262
1.255
1.240
1.324
1.253
1.273
1.256
1.258
1.334
1.722
1.270
1.264
1.273
1.316
1.434
1.274
1.308
1.281
1.286
1.315
1.295
1.292
1.291
1.312
1.314
1.393
1.308
1.316
1.359
1.318
1.345
1.320
1.332
1.326
1.342
1.348
1.345
1.441
1.339
1.397
1.378
1.376
1.372
1.377
1.367
1.355
1.365
1.410
1.411
1.371
1.411
1.409
1.386
1.390
1.402
1.403
1.390
1.399
1.447
1.464
1.414
1.430
1.411
1.424
1.426
1.441
1.429
1.431
1.440
1.455
1.575
1.548
1.496
1.457
1.491
1.468
1.466
1.469
1.463
1.539
1.473
1.506
1.511
1.510
1.498
1.497
1.497
1.491
1.494
1.580
1.558
1.506
1.537
1.518
1.530
1.520
1.522
1.526
1.527
1.616
1.541
1.554
1.585
1.542
1.578
1.553
1.558
1.556
1.578
1.675
1.572
1.618
1.584
1.588
1.574
1.587
1.589
1.638
1.636
1.682
1.645
1.678
1.612
1.649
1.611
1.623
1.623
1.627
1.683
1.659
1.669
1.634
1.652
1.646
1.649
1.651
1.653
1.794
1.692
1.675
1.694
1.666
1.672
1.678
1.709
1.691
1.781
1.701
1.730
1.698
1.712
1.715
1.719
1.704
1.805
1.747
1.765
1.760
1.730
1.736
1.734
1.745
1.740
1.761
1.893
1.769
1.809
1.773
1.778
1.779
1.781
1.788
1.872
1.846
1.785
1.833
1.906
1.848
1.796
1.822
1.841
1.908
1.819
1.851
1.827
1.823
1.845
1.867
1.877
1.929
1.841
1.902
1.850
1.893
1.866
1.877
1.857
1.925
1.876
1.924
1.878
1.890
1.896
1.888
1.889
1.979
1.904
1.956
1.919
1.921
1.934
1.929
1.915
1.985
1.930
1.961
1.932
1.988
1.988
1.973
1.952
2.025
1.970
1.991
1.977
1.987
1.974
1.973
1.987
2.112
1.982
2.062
2.083
2.031
2.023
2.001
