0.786
0.642
0.660
0.630
0.651
0.997
0.647
0.652
0.682
0.663
0.656
0.667
0.655
0.692
0.646
0.689
0.696
0.775
0.764
0.720
0.805
0.680
0.755
0.736
0.678
0.693
0.778
0.671
0.882
0.752
1.519
1.656
1.308
1.063
0.767
0.783
0.929
0.950
0.906
0.783
0.687
0.695
0.698
0.738
0.694
0.712
0.712
0.722
0.801
0.717
0.710
0.714
0.731
0.845
0.814
0.850
0.777
0.803
0.724
0.731
0.808
1.253
0.935
0.881
0.844
0.855
0.824
0.874
0.775
0.815
0.798
0.766
0.767
0.832
0.906
0.801
0.778
0.800
0.826
0.808
0.775
0.940
0.846
0.842
0.825
0.782
0.812
0.778
0.811
0.782
0.780
0.788
0.787
0.881
0.791
0.795
0.793
0.802
0.815
0.803
0.807
0.947
1.143
0.947
0.861
1.011
1.523
1.131
1.211
0.927
0.829
0.825
0.867
1.038
1.012
0.994
0.984
0.855
0.885
1.100
1.014
1.138
0.924
1.363
1.071
0.941
1.447
2.305
1.508
0.980
0.962
0.875
0.879
0.895
0.905
1.050
0.956
0.964
0.944
0.922
0.924
1.011
1.050
0.920
0.916
0.910
0.921
0.947
0.955
0.953
0.961
0.967
0.939
0.943
1.095
1.011
1.108
0.947
1.114
1.044
0.994
1.086
1.126
0.958
1.196
1.069
1.082
0.982
1.020
1.028
1.017
1.032
1.104
1.098
1.090
1.094
1.200
1.052
1.040
1.086
1.053
1.104
1.131
1.202
1.079
1.059
1.014
1.056
1.051
1.049
1.128
1.468
1.219
1.103
1.135
1.374
1.065
1.134
1.089
1.081
1.071
1.099
1.126
1.171
1.110
1.177
1.249
1.354
1.221
1.147
1.101
1.101
1.137
1.102
1.175
1.223
1.195
1.202
1.171
1.247
1.164
1.130
1.185
1.169
1.140
1.238
1.296
1.166
1.158
1.138
1.124
1.124
1.154
1.166
1.192
1.204
1.164
1.281
1.222
1.180
1.185
1.222
1.249
1.353
1.329
1.325
1.231
1.257
1.423
1.204
1.198
1.221
1.185
1.190
1.190
1.196
1.209
1.199
1.203
1.205
1.214
1.213
1.216
1.216
1.229
1.222
1.271
1.235
1.240
1.240
1.254
1.239
1.239
1.243
1.256
1.258
1.257
1.260
1.255
1.304
1.274
1.269
1.267
1.275
1.273
1.280
1.279
1.284
1.293
1.284
1.317
1.295
1.294
1.311
1.306
1.309
1.316
1.306
1.322
1.318
1.325
1.332
1.322
1.335
1.330
1.348
1.339
1.343
1.347
1.346
1.352
1.350
1.369
1.362
1.357
1.381
1.383
1.388
1.382
1.387
1.428
2.204
1.439
1.402
1.626
1.495
1.612
1.584
1.505
1.479
1.512
1.502
1.579
1.574
1.491
1.491
1.677
1.496
1.547
1.688
1.544
1.775
1.634
1.839
1.467
1.446
1.454
1.458
1.450
1.464
1.587
1.544
1.547
1.494
1.557
1.482
1.556
1.492
1.754
1.503
1.918
1.660
1.569
1.588
1.679
1.880
1.795
1.609
1.675
1.697
1.742
1.922
1.805
1.696
1.711
1.561
1.558
1.550
1.637
1.825
1.577
1.567
1.613
1.658
1.670
1.712
1.671
1.653
1.810
2.032
1.964
1.647
1.956
1.744
1.861
1.663
1.836
1.674
1.686
1.641
1.645
1.653
1.644
1.646
1.654
1.667
1.656
1.651
1.660
1.743
1.775
1.896
1.671
1.682
1.676
1.683
1.700
1.786
1.896
2.026
2.368
1.709
1.755
1.712
1.733
1.727
1.884
1.970
1.937
2.580
4.525
3.347
3.662
2.199
2.055
2.017
2.701
2.435
1.932
2.741
1.785
1.788
1.773
1.794
1.790
1.784
1.785
1.779
1.788
1.829
1.878
1.903
2.061
2.238
2.063
1.964
1.990
2.173
1.920
2.137
2.004
1.969
2.313
2.124
2.072
1.897
2.041
1.900
1.887
1.878
1.871
1.887
1.875
1.889
1.921
1.876
1.882
1.897
1.896
1.927
1.941
1.935
1.956
1.938
1.938
1.933
1.939
1.978
1.953
1.955
1.956
1.961
1.945
1.949
1.963
2.048
1.965
1.977
1.972
2.529
